date,company,positive,neutral,negative,total,neg_pct
2025-08-20,1 Automotive,15,22,3,40,0.075000
2025-08-20,3M,24,13,3,40,0.075000
2025-08-20,A-Mark Precious Metals,35,5,0,40,0.000000
2025-08-20,ABM Industries,11,23,6,40,0.150000
2025-08-20,AECOM,18,21,1,40,0.025000
2025-08-20,AES,18,11,11,40,0.275000
2025-08-20,AGCO,14,19,7,40,0.175000
2025-08-20,AIG,12,24,4,40,0.100000
2025-08-20,APA,16,20,4,40,0.100000
2025-08-20,ARKO,7,31,2,40,0.050000
2025-08-20,AT&T,6,25,9,40,0.225000
2025-08-20,AbbVie,13,23,4,40,0.100000
2025-08-20,Abbott Laboratories,17,18,5,40,0.125000
2025-08-20,Ace Hardware,13,22,5,40,0.125000
2025-08-20,Adobe,14,23,3,40,0.075000
2025-08-20,Advance Auto Parts,8,20,12,40,0.300000
2025-08-20,Advanced Micro Devices,29,7,4,40,0.100000
2025-08-20,Aflac,14,17,9,40,0.225000
2025-08-20,Air Products & Chemicals,21,13,6,40,0.150000
2025-08-20,Airbnb,14,18,8,40,0.200000
2025-08-20,Alaska Air,19,17,4,40,0.100000
2025-08-20,Albertsons,19,14,7,40,0.175000
2025-08-20,Alcoa,13,21,6,40,0.150000
2025-08-20,Allstate,22,16,2,40,0.050000
2025-08-20,Ally Financial,15,24,1,40,0.025000
2025-08-20,Alphabet,18,13,9,40,0.225000
2025-08-20,Altice,14,17,9,40,0.225000
2025-08-20,Altria,15,18,7,40,0.175000
2025-08-20,Amazon,26,4,10,40,0.250000
2025-08-20,American Airlines,8,18,14,40,0.350000
2025-08-20,American Electric Power,17,19,4,40,0.100000
2025-08-20,American Express,22,13,5,40,0.125000
2025-08-20,American Family Insurance,24,12,4,40,0.100000
2025-08-20,American Financial,17,19,4,40,0.100000
2025-08-20,American International,13,22,5,40,0.125000
2025-08-20,American Tower,20,14,6,40,0.150000
2025-08-20,Ameriprise Financial,21,17,2,40,0.050000
2025-08-20,Amgen,23,11,6,40,0.150000
2025-08-20,Amphenol,19,18,3,40,0.075000
2025-08-20,Analog Devices,15,25,0,40,0.000000
2025-08-20,Apollo Global Management,20,15,5,40,0.125000
2025-08-20,Apple,14,19,7,40,0.175000
2025-08-20,Applied Materials,5,18,17,40,0.425000
2025-08-20,Aramark,22,13,5,40,0.125000
2025-08-20,Archer Daniels Midland,16,21,3,40,0.075000
2025-08-20,Arrow Electronics,17,22,1,40,0.025000
2025-08-20,Arthur J. Gallagher,7,30,3,40,0.075000
2025-08-20,Asbury Automotive,10,25,5,40,0.125000
2025-08-20,Assurant,22,17,1,40,0.025000
2025-08-20,Auto-Owners Insurance,13,23,4,40,0.100000
2025-08-20,AutoNation,14,22,4,40,0.100000
2025-08-20,AutoZone,13,12,15,40,0.375000
2025-08-20,Autoliv,18,21,1,40,0.025000
2025-08-20,Automatic Data Processing,17,19,4,40,0.100000
2025-08-20,Avery Dennison,12,21,7,40,0.175000
2025-08-20,Avis Budget,13,23,4,40,0.100000
2025-08-20,BJ's Wholesale Club,10,24,6,40,0.150000
2025-08-20,Baker Hughes,20,16,4,40,0.100000
2025-08-20,Ball,11,20,9,40,0.225000
2025-08-20,Bank of America,17,19,4,40,0.100000
2025-08-20,Bank of New York,23,16,1,40,0.025000
2025-08-20,Baxter International,7,22,11,40,0.275000
2025-08-20,Becton Dickinson,17,20,3,40,0.075000
2025-08-20,Berkshire Hathaway,12,26,2,40,0.050000
2025-08-20,Berry Global,12,20,8,40,0.200000
2025-08-20,Best Buy,39,0,1,40,0.025000
2025-08-20,Biogen,16,19,5,40,0.125000
2025-08-20,BlackRock,8,24,8,40,0.200000
2025-08-20,Blackstone,13,20,7,40,0.175000
2025-08-20,Boeing,15,15,10,40,0.250000
2025-08-20,Booking s,5,6,5,16,0.312500
2025-08-20,Booz Allen Hamilton,18,16,6,40,0.150000
2025-08-20,BorgWarner,20,20,0,40,0.000000
2025-08-20,Boston Scientific,16,18,6,40,0.150000
2025-08-20,BrightSpring Health Services,14,22,4,40,0.100000
2025-08-20,Bristol-Myers Squibb,8,20,12,40,0.300000
2025-08-20,Broadcom,17,17,6,40,0.150000
2025-08-20,Builders FirstSource,16,20,4,40,0.100000
2025-08-20,Burlington Stores,17,22,1,40,0.025000
2025-08-20,C.H. Robinson Worldwide,15,19,6,40,0.150000
2025-08-20,CACI International,21,18,1,40,0.025000
2025-08-20,CBRE,13,27,0,40,0.000000
2025-08-20,CDW,20,20,0,40,0.000000
2025-08-20,CHS,18,19,3,40,0.075000
2025-08-20,CMS Energy,39,0,1,40,0.025000
2025-08-20,CSX,4,19,17,40,0.425000
2025-08-20,CVS Health,17,17,6,40,0.150000
2025-08-20,Caesars Entertainment,35,5,0,40,0.000000
2025-08-20,Campbell's,6,29,5,40,0.125000
2025-08-20,Capital One,16,19,5,40,0.125000
2025-08-20,CarMax,9,24,7,40,0.175000
2025-08-20,Cardinal Health,20,16,4,40,0.100000
2025-08-20,Carrier Global,10,25,5,40,0.125000
2025-08-20,Carvana,13,18,9,40,0.225000
2025-08-20,Casey's General Stores,18,16,6,40,0.150000
2025-08-20,Caterpillar,12,25,3,40,0.075000
2025-08-20,Celanese,11,12,17,40,0.425000
2025-08-20,Cencora,21,17,2,40,0.050000
2025-08-20,Centene,10,10,20,40,0.500000
2025-08-20,CenterPoint Energy,25,8,7,40,0.175000
2025-08-20,Charles Schwab,25,13,2,40,0.050000
2025-08-20,Charter Communications,15,10,15,40,0.375000
2025-08-20,Cheniere Energy,36,1,3,40,0.075000
2025-08-20,Chevron,22,14,4,40,0.100000
2025-08-20,Chewy,17,19,4,40,0.100000
2025-08-20,Chipotle Mexican Grill,21,18,1,40,0.025000
2025-08-20,Cigna,25,11,4,40,0.100000
2025-08-20,Cincinnati Financial,16,19,5,40,0.125000
2025-08-20,Cintas,20,15,5,40,0.125000
2025-08-20,Cisco Systems,13,21,6,40,0.150000
2025-08-20,Citi,18,16,6,40,0.150000
2025-08-20,Citizens Financial,20,19,1,40,0.025000
2025-08-20,Cleveland-Cliffs,11,24,5,40,0.125000
2025-08-20,Coca-Cola,21,17,2,40,0.050000
2025-08-20,Cognizant Technology,23,10,7,40,0.175000
2025-08-20,Colgate-Palmolive,16,18,6,40,0.150000
2025-08-20,Comcast,20,16,4,40,0.100000
2025-08-20,Commercial Metals,9,22,9,40,0.225000
2025-08-20,Community Health Systems,17,15,8,40,0.200000
2025-08-20,Conagra Brands,12,23,5,40,0.125000
2025-08-20,Concentrix,19,18,3,40,0.075000
2025-08-20,ConocoPhillips,20,14,6,40,0.150000
2025-08-20,Consolidated Edison,7,30,3,40,0.075000
2025-08-20,Constellation Brands,9,18,13,40,0.325000
2025-08-20,Core & Main,13,22,5,40,0.125000
2025-08-20,Corebridge Financial,12,25,3,40,0.075000
2025-08-20,Corning,9,23,8,40,0.200000
2025-08-20,Corteva,18,18,4,40,0.100000
2025-08-20,Coupang,20,16,4,40,0.100000
2025-08-20,Cummins,16,20,4,40,0.100000
2025-08-20,D.R. Horton,9,28,3,40,0.075000
2025-08-20,DTE Energy,36,1,3,40,0.075000
2025-08-20,DXC Technology,13,26,1,40,0.025000
2025-08-20,DaVita,20,11,9,40,0.225000
2025-08-20,Danaher,22,17,1,40,0.025000
2025-08-20,Darden Restaurants,15,20,5,40,0.125000
2025-08-20,Deere,8,27,5,40,0.125000
2025-08-20,Delek US,10,18,12,40,0.300000
2025-08-20,Dell Technologies,18,20,2,40,0.050000
2025-08-20,Delta Airlines,13,14,13,40,0.325000
2025-08-20,Devon Energy,37,1,2,40,0.050000
2025-08-20,Diamondback Energy,37,1,2,40,0.050000
2025-08-20,Dick's Sporting Goods,14,24,2,40,0.050000
2025-08-20,Discover Financial,16,19,5,40,0.125000
2025-08-20,Dollar General,10,19,11,40,0.275000
2025-08-20,Dollar Tree,19,17,4,40,0.100000
2025-08-20,Dominion Energy,27,8,5,40,0.125000
2025-08-20,DoorDash,18,14,8,40,0.200000
2025-08-20,Dover,8,16,16,40,0.400000
2025-08-20,DuPont,16,18,6,40,0.150000
2025-08-20,Duke Energy,36,2,2,40,0.050000
2025-08-20,EMCOR,17,22,1,40,0.025000
2025-08-20,EOG Resources,21,18,1,40,0.025000
2025-08-20,Eastman Chemical,6,18,16,40,0.400000
2025-08-20,Ebay,19,12,9,40,0.225000
2025-08-20,EchoStar,14,18,8,40,0.200000
2025-08-20,Ecolab,17,19,4,40,0.100000
2025-08-20,Edison International,9,27,4,40,0.100000
2025-08-20,Edward Jones,15,22,3,40,0.075000
2025-08-20,Electronic Arts,10,25,5,40,0.125000
2025-08-20,Elevance Health,17,10,13,40,0.325000
2025-08-20,Eli Lilly,10,23,7,40,0.175000
2025-08-20,Emerson Electric,22,11,7,40,0.175000
2025-08-20,Endeavor,11,23,6,40,0.150000
2025-08-20,Energy Transfer,35,1,4,40,0.100000
2025-08-20,Entergy,17,20,3,40,0.075000
2025-08-20,Enterprise Products Partners,24,10,6,40,0.150000
2025-08-20,Equinix,21,16,3,40,0.075000
2025-08-20,Equitable,15,17,8,40,0.200000
2025-08-20,Erie Insurance,16,14,10,40,0.250000
2025-08-20,Estée Lauder,15,14,11,40,0.275000
2025-08-20,Eversource Energy,30,3,7,40,0.175000
2025-08-20,Exelon,17,19,4,40,0.100000
2025-08-20,Expedia,19,18,3,40,0.075000
2025-08-20,Expeditors International of Washington,13,23,4,40,0.100000
2025-08-20,Exxon Mobil,18,20,2,40,0.050000
2025-08-20,Fannie Mae,7,25,8,40,0.200000
2025-08-20,Farmers Insurance,9,30,1,40,0.025000
2025-08-20,Fastenal,26,12,2,40,0.050000
2025-08-20,FedEx,34,3,3,40,0.075000
2025-08-20,Ferguson Enterprises,14,23,3,40,0.075000
2025-08-20,Fidelity National Financial,14,23,3,40,0.075000
2025-08-20,Fidelity National Information,17,17,6,40,0.150000
2025-08-20,Fifth Third Bancorp,20,19,1,40,0.025000
2025-08-20,First Citizens BancShares,20,18,2,40,0.050000
2025-08-20,FirstEnergy,12,19,9,40,0.225000
2025-08-20,Fiserv,10,7,10,27,0.370370
2025-08-20,Fluor,16,17,7,40,0.175000
2025-08-20,Foot Locker,5,28,7,40,0.175000
2025-08-20,Ford Motor,13,18,9,40,0.225000
2025-08-20,Franklin Resources,19,17,4,40,0.100000
2025-08-20,Freddie Mac,10,22,8,40,0.200000
2025-08-20,Freeport-McMoRan,19,19,2,40,0.050000
2025-08-20,GE HealthCare Technologies,15,23,2,40,0.050000
2025-08-20,GE Vernova,16,21,3,40,0.075000
2025-08-20,GXO Logistics,15,22,3,40,0.075000
2025-08-20,General Dynamics,38,2,0,40,0.000000
2025-08-20,General Electric,9,30,1,40,0.025000
2025-08-20,General Mills,14,21,5,40,0.125000
2025-08-20,General Motors,13,23,4,40,0.100000
2025-08-20,Genuine Parts,21,17,2,40,0.050000
2025-08-20,Gilead Sciences,21,15,4,40,0.100000
2025-08-20,Global Partners,19,13,8,40,0.200000
2025-08-20,Global Payments,10,30,0,40,0.000000
2025-08-20,Goldman Sachs,15,17,8,40,0.200000
2025-08-20,Goodyear Tire & Rubber,14,22,4,40,0.100000
2025-08-20,Graphic Packaging,10,26,4,40,0.100000
2025-08-20,Graybar Electric,13,21,6,40,0.150000
2025-08-20,Guardian Life,16,22,2,40,0.050000
2025-08-20,GuideWell Mutual,19,20,1,40,0.025000
2025-08-20,HCA Healthcare,24,8,8,40,0.200000
2025-08-20,HF Sinclair,17,17,6,40,0.150000
2025-08-20,HP,18,18,4,40,0.100000
2025-08-20,Halliburton,15,17,8,40,0.200000
2025-08-20,Henry Schein,15,24,1,40,0.025000
2025-08-20,Hershey,10,24,6,40,0.150000
2025-08-20,Hertz,30,5,5,40,0.125000
2025-08-20,Hewlett Packard,11,24,5,40,0.125000
2025-08-20,Hilton,11,26,3,40,0.075000
2025-08-20,Home Depot,13,19,8,40,0.200000
2025-08-20,Honeywell,14,20,6,40,0.150000
2025-08-20,Hormel Foods,13,23,4,40,0.100000
2025-08-20,Howmet Aerospace,16,17,7,40,0.175000
2025-08-20,Humana,20,14,6,40,0.150000
2025-08-20,Huntington Bancshares,17,21,2,40,0.050000
2025-08-20,Huntington Ingalls Industries,26,10,4,40,0.100000
2025-08-20,IBM,13,21,6,40,0.150000
2025-08-20,IQVIA,20,14,6,40,0.150000
2025-08-20,Icahn Enterprises,12,19,9,40,0.225000
2025-08-20,Illinois Tool Works,14,21,5,40,0.125000
2025-08-20,Ingram Micro,15,11,14,40,0.350000
2025-08-20,Ingredion,21,13,6,40,0.150000
2025-08-20,Insight Enterprises,15,18,7,40,0.175000
2025-08-20,Intel,14,22,4,40,0.100000
2025-08-20,Interactive Brokers,14,21,5,40,0.125000
2025-08-20,Intercontinental Exchange,22,18,0,40,0.000000
2025-08-20,International Flavors & Fragrances,18,12,10,40,0.250000
2025-08-20,International Paper,16,22,2,40,0.050000
2025-08-20,Interpublic,13,20,7,40,0.175000
2025-08-20,Intuit,14,22,4,40,0.100000
2025-08-20,Intuitive Surgical,13,18,9,40,0.225000
2025-08-20,J.B. Hunt Transport Services,14,18,8,40,0.200000
2025-08-20,J.M. Smucker,14,20,6,40,0.150000
2025-08-20,JPMorgan Chase,12,23,5,40,0.125000
2025-08-20,Jabil,21,15,4,40,0.100000
2025-08-20,Jacobs Solutions,38,0,2,40,0.050000
2025-08-20,JetBlue Airways,11,21,8,40,0.200000
2025-08-20,Johnson & Johnson,23,13,4,40,0.100000
2025-08-20,Jones Lang LaSalle,18,22,0,40,0.000000
2025-08-20,KBR,30,9,1,40,0.025000
2025-08-20,KKR,17,17,6,40,0.150000
2025-08-20,KLA,15,20,5,40,0.125000
2025-08-20,Kellanova,20,12,8,40,0.200000
2025-08-20,Kenvue,21,15,4,40,0.100000
2025-08-20,Keurig Dr Pepper,19,17,4,40,0.100000
2025-08-20,KeyCorp,20,17,3,40,0.075000
2025-08-20,Kimberly-Clark,18,21,1,40,0.025000
2025-08-20,Kinder Morgan,39,0,1,40,0.025000
2025-08-20,Kohl's,10,20,10,40,0.250000
2025-08-20,Kraft Heinz,13,19,8,40,0.200000
2025-08-20,Kroger,10,24,6,40,0.150000
2025-08-20,Kyndryl s,8,4,0,12,0.000000
2025-08-20,L3Harris Technologies,25,13,2,40,0.050000
2025-08-20,LKQ,20,16,4,40,0.100000
2025-08-20,LPL Financial,31,9,0,40,0.000000
2025-08-20,Labcorp,20,16,4,40,0.100000
2025-08-20,Lam Research,20,15,5,40,0.125000
2025-08-20,Land O'Lakes,10,29,1,40,0.025000
2025-08-20,Las Vegas Sands,15,21,4,40,0.100000
2025-08-20,Lear Corporation,21,17,2,40,0.050000
2025-08-20,Leidos,27,13,0,40,0.000000
2025-08-20,Lennar,12,26,2,40,0.050000
2025-08-20,Liberty Mutual Insurance,35,0,5,40,0.125000
2025-08-20,Lincoln National,14,18,8,40,0.200000
2025-08-20,Lithia Motors,20,17,3,40,0.075000
2025-08-20,Live Nation Entertainment,30,10,0,40,0.000000
2025-08-20,Lockheed Martin,21,12,7,40,0.175000
2025-08-20,Loews,22,16,2,40,0.050000
2025-08-20,Lowe's,15,22,3,40,0.075000
2025-08-20,Lululemon athletica,22,13,5,40,0.125000
2025-08-20,Lumen Technologies,9,25,6,40,0.150000
2025-08-20,M&T Bank,18,20,2,40,0.050000
2025-08-20,MGM Resorts International,16,23,1,40,0.025000
2025-08-20,Macy's,19,19,2,40,0.050000
2025-08-20,ManpowerGroup,19,18,3,40,0.075000
2025-08-20,Marathon Petroleum,15,23,2,40,0.050000
2025-08-20,Markel,5,17,18,40,0.450000
2025-08-20,Marriott International,17,22,1,40,0.025000
2025-08-20,Marsh & McLennan,25,10,5,40,0.125000
2025-08-20,MasTec,19,17,4,40,0.100000
2025-08-20,Masco,11,26,3,40,0.075000
2025-08-20,Mass Mutual,11,28,1,40,0.025000
2025-08-20,Mastercard,18,15,7,40,0.175000
2025-08-20,McDonald's,19,10,11,40,0.275000
2025-08-20,McKesson,18,20,2,40,0.050000
2025-08-20,Merck,16,18,6,40,0.150000
2025-08-20,MetLife,15,23,2,40,0.050000
2025-08-20,Meta,12,21,7,40,0.175000
2025-08-20,Microchip Technology,15,22,3,40,0.075000
2025-08-20,Micron Technology,13,21,6,40,0.150000
2025-08-20,Microsoft,9,13,18,40,0.450000
2025-08-20,Mohawk Industries,17,20,3,40,0.075000
2025-08-20,Molina Healthcare,16,16,8,40,0.200000
2025-08-20,Molson Coors Beverage,20,12,8,40,0.200000
2025-08-20,Mondelez,17,11,12,40,0.300000
2025-08-20,Monster Beverage,12,27,1,40,0.025000
2025-08-20,Morgan Stanley,14,20,6,40,0.150000
2025-08-20,Mosaic,20,17,3,40,0.075000
2025-08-20,Motorola Solutions,38,0,2,40,0.050000
2025-08-20,Murphy USA,16,23,1,40,0.025000
2025-08-20,Mutual of Omaha Insurance,19,21,0,40,0.000000
2025-08-20,NOV,8,30,2,40,0.050000
2025-08-20,NRG Energy,34,5,1,40,0.025000
2025-08-20,NVR,18,16,6,40,0.150000
2025-08-20,Nationwide Insurance,11,18,11,40,0.275000
2025-08-20,New York Life Insurance,13,24,3,40,0.075000
2025-08-20,Newmont,22,13,5,40,0.125000
2025-08-20,News Corp.,15,19,6,40,0.150000
2025-08-20,NextEra Energy,32,2,6,40,0.150000
2025-08-20,Nike,12,23,5,40,0.125000
2025-08-20,Nordstrom,15,22,3,40,0.075000
2025-08-20,Norfolk Southern,15,16,9,40,0.225000
2025-08-20,Northern Trust,40,0,0,40,0.000000
2025-08-20,Northrop Grumman,19,18,3,40,0.075000
2025-08-20,Northwestern Mutual,16,12,12,40,0.300000
2025-08-20,Nucor,15,22,3,40,0.075000
2025-08-20,Nvidia,9,22,9,40,0.225000
2025-08-20,O'Reilly Automotive,13,23,4,40,0.100000
2025-08-20,Occidental Petroleum,18,19,3,40,0.075000
2025-08-20,Old Republic International,22,16,2,40,0.050000
2025-08-20,Omnicom,20,15,5,40,0.125000
2025-08-20,Oneok,22,14,4,40,0.100000
2025-08-20,Oracle,7,25,8,40,0.200000
2025-08-20,Oscar Health,10,22,8,40,0.200000
2025-08-20,Oshkosh,11,17,12,40,0.300000
2025-08-20,Otis Worldwide,18,17,5,40,0.125000
2025-08-20,Ovintiv,21,15,4,40,0.100000
2025-08-20,Owens & Minor,9,22,9,40,0.225000
2025-08-20,Owens Corning,21,14,5,40,0.125000
2025-08-20,PBF Energy,33,1,6,40,0.150000
2025-08-20,PG&E,19,14,7,40,0.175000
2025-08-20,PNC,16,18,6,40,0.150000
2025-08-20,PPG Industries,20,14,6,40,0.150000
2025-08-20,PPL,14,25,1,40,0.025000
2025-08-20,PVH,15,15,10,40,0.250000
2025-08-20,Paccar,19,18,3,40,0.075000
2025-08-20,Pacific Life,18,21,1,40,0.025000
2025-08-20,Packaging Corp. of America,6,27,7,40,0.175000
2025-08-20,Palo Alto Networks,16,20,4,40,0.100000
2025-08-20,Par Pacific,16,21,3,40,0.075000
2025-08-20,Paramount Global,9,30,1,40,0.025000
2025-08-20,Parker-Hannifin,24,16,0,40,0.000000
2025-08-20,PayPal,16,11,13,40,0.325000
2025-08-20,Penske Automotive,15,24,1,40,0.025000
2025-08-20,PepsiCo,18,18,4,40,0.100000
2025-08-20,Performance Food,18,19,3,40,0.075000
2025-08-20,Peter Kiewit Sons',6,19,15,40,0.375000
2025-08-20,Pfizer,9,17,14,40,0.350000
2025-08-20,Philip Morris,26,12,2,40,0.050000
2025-08-20,Phillips 66,14,19,7,40,0.175000
2025-08-20,Plains GP,20,16,4,40,0.100000
2025-08-20,Principal Financial,11,24,5,40,0.125000
2025-08-20,Procter & Gamble,15,18,7,40,0.175000
2025-08-20,Progressive Insurance,17,19,4,40,0.100000
2025-08-20,Prologis,18,16,6,40,0.150000
2025-08-20,Prudential Financial,19,17,4,40,0.100000
2025-08-20,Public Service Enterprise,17,19,4,40,0.100000
2025-08-20,Publix Super Markets,16,19,5,40,0.125000
2025-08-20,PulteGroup,19,16,5,40,0.125000
2025-08-20,QVC,12,23,5,40,0.125000
2025-08-20,QXO Building Products,2,5,3,10,0.300000
2025-08-20,Qualcomm,21,18,1,40,0.025000
2025-08-20,Quanta Services,16,14,10,40,0.250000
2025-08-20,Quest Diagnostics,12,25,3,40,0.075000
2025-08-20,RTX,21,11,8,40,0.200000
2025-08-20,Raymond James Financial,25,14,1,40,0.025000
2025-08-20,Regeneron Pharmaceuticals,21,15,4,40,0.100000
2025-08-20,Regions Financial,18,21,1,40,0.025000
2025-08-20,Reinsurance of America,0,5,1,6,0.166667
2025-08-20,Reliance,10,24,6,40,0.150000
2025-08-20,Republic Services,9,14,17,40,0.425000
2025-08-20,Rockwell Automation,17,19,4,40,0.100000
2025-08-20,Ross Stores,14,23,3,40,0.075000
2025-08-20,Rush Enterprises,17,21,2,40,0.050000
2025-08-20,Ryder System,26,11,3,40,0.075000
2025-08-20,S&P Global,18,17,5,40,0.125000
2025-08-20,Salesforce,13,22,5,40,0.125000
2025-08-20,Sanmina,14,24,2,40,0.050000
2025-08-20,Science Applications International,16,20,4,40,0.100000
2025-08-20,Seaboard,7,23,10,40,0.250000
2025-08-20,Securian Financial,13,22,5,40,0.125000
2025-08-20,Sempra,25,14,1,40,0.025000
2025-08-20,ServiceNow,17,19,4,40,0.100000
2025-08-20,Sherwin-Williams,10,17,13,40,0.325000
2025-08-20,Sirius XM,11,21,8,40,0.200000
2025-08-20,Skechers,20,19,1,40,0.025000
2025-08-20,Solventum,16,21,3,40,0.075000
2025-08-20,Sonic Automotive,8,29,3,40,0.075000
2025-08-20,Southern Company,19,20,1,40,0.025000
2025-08-20,Southwest Airlines,6,19,15,40,0.375000
2025-08-20,SpartanNash,15,22,3,40,0.075000
2025-08-20,Sprouts Farmers Market,22,18,0,40,0.000000
2025-08-20,Stanley Black & Decker,11,25,4,40,0.100000
2025-08-20,Starbucks,5,30,5,40,0.125000
2025-08-20,State Farm,16,12,12,40,0.300000
2025-08-20,State Street,11,18,11,40,0.275000
2025-08-20,Steel Dynamics,35,3,2,40,0.050000
2025-08-20,StoneX,15,23,2,40,0.050000
2025-08-20,Stryker,16,17,7,40,0.175000
2025-08-20,Synchrony Financial,21,16,3,40,0.075000
2025-08-20,Sysco,17,16,7,40,0.175000
2025-08-20,TD Synnex,23,17,0,40,0.000000
2025-08-20,THOR Industries,16,19,5,40,0.125000
2025-08-20,TIAA,12,24,4,40,0.100000
2025-08-20,TJX,20,18,2,40,0.050000
2025-08-20,Targa Resources,17,18,5,40,0.125000
2025-08-20,Target,4,18,18,40,0.450000
2025-08-20,Taylor Morrison Home,16,23,1,40,0.025000
2025-08-20,Tenet Healthcare,11,21,8,40,0.200000
2025-08-20,Tesla,13,12,15,40,0.375000
2025-08-20,Texas Instruments,11,19,10,40,0.250000
2025-08-20,Textron,23,15,2,40,0.050000
2025-08-20,The Andersons,13,24,3,40,0.075000
2025-08-20,Thermo Fisher Scientific,17,18,5,40,0.125000
2025-08-20,Thrivent Financial for Lutherans,18,19,3,40,0.075000
2025-08-20,Toll Brothers,13,25,2,40,0.050000
2025-08-20,Tractor Supply,22,17,1,40,0.025000
2025-08-20,TransDigm,28,9,3,40,0.075000
2025-08-20,Travelers Insurance,10,20,10,40,0.250000
2025-08-20,Truist Financial,16,20,4,40,0.100000
2025-08-20,Tyson Foods,13,23,4,40,0.100000
2025-08-20,U.S. Bancorp,17,16,7,40,0.175000
2025-08-20,UPS,5,20,15,40,0.375000
2025-08-20,US Foods,19,18,3,40,0.075000
2025-08-20,USAA,17,14,9,40,0.225000
2025-08-20,Uber,9,11,20,40,0.500000
2025-08-20,Ulta Beauty,31,6,3,40,0.075000
2025-08-20,Union Pacific,19,14,7,40,0.175000
2025-08-20,United Airlines,32,3,5,40,0.125000
2025-08-20,United Natural Foods,40,0,0,40,0.000000
2025-08-20,United Rentals,33,7,0,40,0.000000
2025-08-20,United States Steel,24,8,8,40,0.200000
2025-08-20,UnitedHealth,12,21,7,40,0.175000
2025-08-20,Universal Health Services,16,19,5,40,0.125000
2025-08-20,Unum,16,17,7,40,0.175000
2025-08-20,VF Corporation,13,23,4,40,0.100000
2025-08-20,Valero Energy,37,1,2,40,0.050000
2025-08-20,Verizon,19,14,7,40,0.175000
2025-08-20,Vertex Pharmaceuticals,19,12,9,40,0.225000
2025-08-20,Vertiv,22,16,2,40,0.050000
2025-08-20,Viatris,12,21,7,40,0.175000
2025-08-20,Vistra,19,14,7,40,0.175000
2025-08-20,Voya Financial,13,24,3,40,0.075000
2025-08-20,Vulcan Materials,14,16,10,40,0.250000
2025-08-20,W.R. Berkley,11,20,9,40,0.225000
2025-08-20,W.W. Grainger,10,23,7,40,0.175000
2025-08-20,WEC Energy,39,1,0,40,0.000000
2025-08-20,WESCO International,22,16,2,40,0.050000
2025-08-20,Walgreens,9,20,11,40,0.275000
2025-08-20,Walmart,6,17,17,40,0.425000
2025-08-20,Walt Disney,14,23,3,40,0.075000
2025-08-20,Warner Bros. Discovery,9,31,0,40,0.000000
2025-08-20,Watsco,14,20,6,40,0.150000
2025-08-20,Wayfair,16,21,3,40,0.075000
2025-08-20,Wells Fargo,36,1,3,40,0.075000
2025-08-20,Western & Southern Financial,14,22,4,40,0.100000
2025-08-20,Western Digital,14,20,6,40,0.150000
2025-08-20,Westinghouse Air Brake Technologies,17,18,5,40,0.125000
2025-08-20,Whirlpool,12,24,4,40,0.100000
2025-08-20,Williams,14,18,8,40,0.200000
2025-08-20,Williams-Sonoma,14,21,5,40,0.125000
2025-08-20,Workday,11,13,16,40,0.400000
2025-08-20,World Kinect,14,22,4,40,0.100000
2025-08-20,XPO,14,21,5,40,0.125000
2025-08-20,Xcel Energy,29,5,6,40,0.150000
2025-08-20,Xylem,18,20,2,40,0.050000
2025-08-20,Yum Brands,23,11,6,40,0.150000
2025-08-20,Yum China,17,16,7,40,0.175000
2025-08-20,Zimmer Biomet,18,18,4,40,0.100000
2025-08-20,Zoetis,21,19,0,40,0.000000
