date,company,positive,neutral,negative,total,neg_pct
2025-08-19,1 Automotive,17,21,2,40,0.050000
2025-08-19,3M,22,17,1,40,0.025000
2025-08-19,A-Mark Precious Metals,36,4,0,40,0.000000
2025-08-19,ABM Industries,10,25,5,40,0.125000
2025-08-19,AECOM,25,14,1,40,0.025000
2025-08-19,AES,18,11,11,40,0.275000
2025-08-19,AGCO,12,23,5,40,0.125000
2025-08-19,AIG,11,25,4,40,0.100000
2025-08-19,APA,14,18,8,40,0.200000
2025-08-19,ARKO,10,26,4,40,0.100000
2025-08-19,AT&T,6,24,10,40,0.250000
2025-08-19,AbbVie,19,19,2,40,0.050000
2025-08-19,Abbott Laboratories,18,18,4,40,0.100000
2025-08-19,Ace Hardware,14,21,5,40,0.125000
2025-08-19,Adobe,13,22,5,40,0.125000
2025-08-19,Advance Auto Parts,11,18,11,40,0.275000
2025-08-19,Advanced Micro Devices,30,2,8,40,0.200000
2025-08-19,Aflac,13,16,11,40,0.275000
2025-08-19,Air Products & Chemicals,19,16,5,40,0.125000
2025-08-19,Airbnb,13,17,10,40,0.250000
2025-08-19,Alaska Air,11,25,4,40,0.100000
2025-08-19,Albertsons,18,16,6,40,0.150000
2025-08-19,Alcoa,10,22,8,40,0.200000
2025-08-19,Allstate,20,16,4,40,0.100000
2025-08-19,Ally Financial,15,24,1,40,0.025000
2025-08-19,Alphabet,17,14,9,40,0.225000
2025-08-19,Altice,11,20,9,40,0.225000
2025-08-19,Altria,19,18,3,40,0.075000
2025-08-19,Amazon,33,4,3,40,0.075000
2025-08-19,American Airlines,7,12,21,40,0.525000
2025-08-19,American Electric Power,19,19,2,40,0.050000
2025-08-19,American Express,18,19,3,40,0.075000
2025-08-19,American Family Insurance,25,11,4,40,0.100000
2025-08-19,American Financial,12,25,3,40,0.075000
2025-08-19,American International,11,25,4,40,0.100000
2025-08-19,American Tower,13,20,7,40,0.175000
2025-08-19,Ameriprise Financial,20,17,3,40,0.075000
2025-08-19,Amgen,21,14,5,40,0.125000
2025-08-19,Amphenol,17,18,5,40,0.125000
2025-08-19,Analog Devices,16,17,7,40,0.175000
2025-08-19,Apollo Global Management,16,21,3,40,0.075000
2025-08-19,Apple,14,17,9,40,0.225000
2025-08-19,Applied Materials,6,16,18,40,0.450000
2025-08-19,Aramark,20,16,4,40,0.100000
2025-08-19,Archer Daniels Midland,20,15,5,40,0.125000
2025-08-19,Arrow Electronics,17,22,1,40,0.025000
2025-08-19,Arthur J. Gallagher,8,29,3,40,0.075000
2025-08-19,Asbury Automotive,12,22,6,40,0.150000
2025-08-19,Assurant,20,18,2,40,0.050000
2025-08-19,Auto-Owners Insurance,10,26,4,40,0.100000
2025-08-19,AutoNation,12,22,6,40,0.150000
2025-08-19,AutoZone,12,12,16,40,0.400000
2025-08-19,Autoliv,19,20,1,40,0.025000
2025-08-19,Automatic Data Processing,20,16,4,40,0.100000
2025-08-19,Avery Dennison,11,22,7,40,0.175000
2025-08-19,Avis Budget,12,23,5,40,0.125000
2025-08-19,Avnet,17,20,3,40,0.075000
2025-08-19,BJ's Wholesale Club,12,22,6,40,0.150000
2025-08-19,Baker Hughes,18,14,8,40,0.200000
2025-08-19,Ball,14,19,7,40,0.175000
2025-08-19,Bank of America,20,15,5,40,0.125000
2025-08-19,Bank of New York,23,15,2,40,0.050000
2025-08-19,Baxter International,7,22,11,40,0.275000
2025-08-19,Becton Dickinson,16,21,3,40,0.075000
2025-08-19,Berkshire Hathaway,13,23,4,40,0.100000
2025-08-19,Berry Global,12,20,8,40,0.200000
2025-08-19,Best Buy,39,1,0,40,0.000000
2025-08-19,Biogen,17,20,3,40,0.075000
2025-08-19,BlackRock,10,26,4,40,0.100000
2025-08-19,Blackstone,16,16,8,40,0.200000
2025-08-19,Boeing,13,17,10,40,0.250000
2025-08-19,Booking s,5,6,5,16,0.312500
2025-08-19,Booz Allen Hamilton,20,16,4,40,0.100000
2025-08-19,BorgWarner,21,19,0,40,0.000000
2025-08-19,Boston Scientific,18,18,4,40,0.100000
2025-08-19,BrightSpring Health Services,14,22,4,40,0.100000
2025-08-19,Bristol-Myers Squibb,12,22,6,40,0.150000
2025-08-19,Broadcom,18,19,3,40,0.075000
2025-08-19,Builders FirstSource,12,25,3,40,0.075000
2025-08-19,Burlington Stores,14,25,1,40,0.025000
2025-08-19,C.H. Robinson Worldwide,15,21,4,40,0.100000
2025-08-19,CACI International,23,17,0,40,0.000000
2025-08-19,CBRE,15,25,0,40,0.000000
2025-08-19,CDW,22,18,0,40,0.000000
2025-08-19,CHS,16,20,4,40,0.100000
2025-08-19,CMS Energy,39,0,1,40,0.025000
2025-08-19,CSX,6,15,19,40,0.475000
2025-08-19,CVS Health,16,21,3,40,0.075000
2025-08-19,Caesars Entertainment,33,7,0,40,0.000000
2025-08-19,Campbell's,16,17,7,40,0.175000
2025-08-19,Capital One,15,20,5,40,0.125000
2025-08-19,CarMax,9,24,7,40,0.175000
2025-08-19,Cardinal Health,18,16,6,40,0.150000
2025-08-19,Carrier Global,10,24,6,40,0.150000
2025-08-19,Carvana,19,17,4,40,0.100000
2025-08-19,Casey's General Stores,20,17,3,40,0.075000
2025-08-19,Caterpillar,9,24,7,40,0.175000
2025-08-19,Celanese,11,12,17,40,0.425000
2025-08-19,Cencora,20,17,3,40,0.075000
2025-08-19,Centene,13,8,19,40,0.475000
2025-08-19,CenterPoint Energy,29,6,5,40,0.125000
2025-08-19,Charles Schwab,22,16,2,40,0.050000
2025-08-19,Charter Communications,16,11,13,40,0.325000
2025-08-19,Cheniere Energy,37,1,2,40,0.050000
2025-08-19,Chevron,17,16,7,40,0.175000
2025-08-19,Chewy,22,16,2,40,0.050000
2025-08-19,Chipotle Mexican Grill,21,16,3,40,0.075000
2025-08-19,Cigna,20,15,5,40,0.125000
2025-08-19,Cincinnati Financial,14,19,7,40,0.175000
2025-08-19,Cintas,19,16,5,40,0.125000
2025-08-19,Cisco Systems,16,19,5,40,0.125000
2025-08-19,Citi,17,15,8,40,0.200000
2025-08-19,Citizens Financial,21,17,2,40,0.050000
2025-08-19,Cleveland-Cliffs,13,21,6,40,0.150000
2025-08-19,Coca-Cola,18,18,4,40,0.100000
2025-08-19,Cognizant Technology,23,11,6,40,0.150000
2025-08-19,Colgate-Palmolive,22,13,5,40,0.125000
2025-08-19,Comcast,13,19,8,40,0.200000
2025-08-19,Commercial Metals,10,20,10,40,0.250000
2025-08-19,Community Health Systems,17,17,6,40,0.150000
2025-08-19,Conagra Brands,12,24,4,40,0.100000
2025-08-19,Concentrix,17,18,5,40,0.125000
2025-08-19,ConocoPhillips,19,15,6,40,0.150000
2025-08-19,Consolidated Edison,6,30,4,40,0.100000
2025-08-19,Constellation Brands,10,20,10,40,0.250000
2025-08-19,Constellation Energy,36,4,0,40,0.000000
2025-08-19,Core & Main,12,23,5,40,0.125000
2025-08-19,Corebridge Financial,13,23,4,40,0.100000
2025-08-19,Corning,13,23,4,40,0.100000
2025-08-19,Corteva,21,16,3,40,0.075000
2025-08-19,Costco,14,18,8,40,0.200000
2025-08-19,Coupang,23,15,2,40,0.050000
2025-08-19,Cummins,18,17,5,40,0.125000
2025-08-19,D.R. Horton,10,28,2,40,0.050000
2025-08-19,DTE Energy,35,1,4,40,0.100000
2025-08-19,DXC Technology,13,26,1,40,0.025000
2025-08-19,DaVita,22,11,7,40,0.175000
2025-08-19,Danaher,21,18,1,40,0.025000
2025-08-19,Darden Restaurants,16,21,3,40,0.075000
2025-08-19,Deere,4,31,5,40,0.125000
2025-08-19,Delek US,13,15,12,40,0.300000
2025-08-19,Dell Technologies,10,29,1,40,0.025000
2025-08-19,Delta Airlines,7,17,16,40,0.400000
2025-08-19,Devon Energy,36,2,2,40,0.050000
2025-08-19,Diamondback Energy,35,1,4,40,0.100000
2025-08-19,Dick's Sporting Goods,12,23,5,40,0.125000
2025-08-19,Discover Financial,18,17,5,40,0.125000
2025-08-19,Dollar General,8,18,14,40,0.350000
2025-08-19,Dollar Tree,16,21,3,40,0.075000
2025-08-19,Dominion Energy,33,4,3,40,0.075000
2025-08-19,DoorDash,21,15,4,40,0.100000
2025-08-19,Dover,6,20,14,40,0.350000
2025-08-19,DuPont,11,25,4,40,0.100000
2025-08-19,Duke Energy,39,1,0,40,0.000000
2025-08-19,EMCOR,16,23,1,40,0.025000
2025-08-19,EOG Resources,28,10,2,40,0.050000
2025-08-19,Eastman Chemical,4,20,16,40,0.400000
2025-08-19,Ebay,17,19,4,40,0.100000
2025-08-19,EchoStar,14,17,9,40,0.225000
2025-08-19,Ecolab,14,22,4,40,0.100000
2025-08-19,Edison International,11,24,5,40,0.125000
2025-08-19,Edward Jones,13,23,4,40,0.100000
2025-08-19,Electronic Arts,7,23,10,40,0.250000
2025-08-19,Elevance Health,18,13,9,40,0.225000
2025-08-19,Eli Lilly,13,20,7,40,0.175000
2025-08-19,Emerson Electric,20,11,9,40,0.225000
2025-08-19,Endeavor,10,26,4,40,0.100000
2025-08-19,Energy Transfer,34,3,3,40,0.075000
2025-08-19,Entergy,18,18,4,40,0.100000
2025-08-19,Enterprise Products Partners,23,10,7,40,0.175000
2025-08-19,Equinix,20,19,1,40,0.025000
2025-08-19,Equitable,18,18,4,40,0.100000
2025-08-19,Erie Insurance,16,14,10,40,0.250000
2025-08-19,Estée Lauder,11,27,2,40,0.050000
2025-08-19,Eversource Energy,32,3,5,40,0.125000
2025-08-19,Exelon,19,17,4,40,0.100000
2025-08-19,Expedia,21,17,2,40,0.050000
2025-08-19,Expeditors International of Washington,13,23,4,40,0.100000
2025-08-19,Exxon Mobil,19,18,3,40,0.075000
2025-08-19,Fannie Mae,8,24,8,40,0.200000
2025-08-19,Farmers Insurance,9,30,1,40,0.025000
2025-08-19,Fastenal,26,12,2,40,0.050000
2025-08-19,FedEx,27,7,6,40,0.150000
2025-08-19,Ferguson,10,18,12,40,0.300000
2025-08-19,Fidelity National Financial,14,23,3,40,0.075000
2025-08-19,Fidelity National Information,21,15,4,40,0.100000
2025-08-19,Fifth Third Bancorp,26,14,0,40,0.000000
2025-08-19,First Citizens BancShares,23,15,2,40,0.050000
2025-08-19,FirstEnergy,14,14,12,40,0.300000
2025-08-19,Fiserv,12,22,6,40,0.150000
2025-08-19,Fluor,15,17,8,40,0.200000
2025-08-19,Foot Locker,6,28,6,40,0.150000
2025-08-19,Ford Motor,16,18,6,40,0.150000
2025-08-19,Franklin Resources,19,17,4,40,0.100000
2025-08-19,Freddie Mac,8,23,9,40,0.225000
2025-08-19,Freeport-McMoRan,20,18,2,40,0.050000
2025-08-19,GE HealthCare Technologies,14,22,4,40,0.100000
2025-08-19,GE Vernova,22,16,2,40,0.050000
2025-08-19,GXO Logistics,14,22,4,40,0.100000
2025-08-19,General Dynamics,40,0,0,40,0.000000
2025-08-19,General Electric,11,27,2,40,0.050000
2025-08-19,General Mills,18,18,4,40,0.100000
2025-08-19,General Motors,13,23,4,40,0.100000
2025-08-19,Genuine Parts,22,14,4,40,0.100000
2025-08-19,Gilead Sciences,19,17,4,40,0.100000
2025-08-19,Global Partners,18,13,9,40,0.225000
2025-08-19,Global Payments,17,23,0,40,0.000000
2025-08-19,Goldman Sachs,13,12,15,40,0.375000
2025-08-19,Goodyear Tire & Rubber,9,24,7,40,0.175000
2025-08-19,Graphic Packaging,9,28,3,40,0.075000
2025-08-19,Graybar Electric,13,21,6,40,0.150000
2025-08-19,Guardian Life,16,22,2,40,0.050000
2025-08-19,GuideWell Mutual,19,20,1,40,0.025000
2025-08-19,HCA Healthcare,24,7,9,40,0.225000
2025-08-19,HF Sinclair,17,15,8,40,0.200000
2025-08-19,HP,15,22,3,40,0.075000
2025-08-19,Halliburton,17,15,8,40,0.200000
2025-08-19,Hartford Insurance,21,16,3,40,0.075000
2025-08-19,Henry Schein,16,23,1,40,0.025000
2025-08-19,Hershey,11,27,2,40,0.050000
2025-08-19,Hertz,19,11,10,40,0.250000
2025-08-19,Hewlett Packard,12,23,5,40,0.125000
2025-08-19,Hilton,7,29,4,40,0.100000
2025-08-19,Home Depot,6,21,13,40,0.325000
2025-08-19,Honeywell,17,21,2,40,0.050000
2025-08-19,Hormel Foods,14,22,4,40,0.100000
2025-08-19,Howmet Aerospace,16,18,6,40,0.150000
2025-08-19,Humana,24,12,4,40,0.100000
2025-08-19,Huntington Bancshares,17,21,2,40,0.050000
2025-08-19,Huntington Ingalls Industries,26,11,3,40,0.075000
2025-08-19,IBM,15,22,3,40,0.075000
2025-08-19,IQVIA,21,14,5,40,0.125000
2025-08-19,Icahn Enterprises,11,19,10,40,0.250000
2025-08-19,Illinois Tool Works,15,20,5,40,0.125000
2025-08-19,Ingram Micro,11,11,18,40,0.450000
2025-08-19,Ingredion,17,18,5,40,0.125000
2025-08-19,Insight Enterprises,15,18,7,40,0.175000
2025-08-19,Intel,10,26,4,40,0.100000
2025-08-19,Interactive Brokers,14,21,5,40,0.125000
2025-08-19,Intercontinental Exchange,19,19,2,40,0.050000
2025-08-19,International Flavors & Fragrances,23,10,7,40,0.175000
2025-08-19,International Paper,17,21,2,40,0.050000
2025-08-19,Interpublic,14,20,6,40,0.150000
2025-08-19,Intuit,21,17,2,40,0.050000
2025-08-19,Intuitive Surgical,11,20,9,40,0.225000
2025-08-19,J.B. Hunt Transport Services,15,17,8,40,0.200000
2025-08-19,J.M. Smucker,13,21,6,40,0.150000
2025-08-19,JPMorgan Chase,22,15,3,40,0.075000
2025-08-19,Jabil,24,14,2,40,0.050000
2025-08-19,Jacobs Solutions,37,0,3,40,0.075000
2025-08-19,Jefferies Financial,15,17,8,40,0.200000
2025-08-19,JetBlue Airways,13,21,6,40,0.150000
2025-08-19,Johnson & Johnson,22,15,3,40,0.075000
2025-08-19,Jones Lang LaSalle,19,21,0,40,0.000000
2025-08-19,KBR,31,8,1,40,0.025000
2025-08-19,KKR,11,23,6,40,0.150000
2025-08-19,KLA,17,16,7,40,0.175000
2025-08-19,Kellanova,19,15,6,40,0.150000
2025-08-19,Kenvue,15,19,6,40,0.150000
2025-08-19,Keurig Dr Pepper,18,15,7,40,0.175000
2025-08-19,KeyCorp,20,18,2,40,0.050000
2025-08-19,Kimberly-Clark,19,18,3,40,0.075000
2025-08-19,Kinder Morgan,39,0,1,40,0.025000
2025-08-19,Kohl's,10,20,10,40,0.250000
2025-08-19,Kraft Heinz,13,19,8,40,0.200000
2025-08-19,Kroger,8,23,9,40,0.225000
2025-08-19,Kyndryl s,8,4,0,12,0.000000
2025-08-19,L3Harris Technologies,21,16,3,40,0.075000
2025-08-19,LKQ,23,13,4,40,0.100000
2025-08-19,LPL Financial,24,13,3,40,0.075000
2025-08-19,Labcorp,20,15,5,40,0.125000
2025-08-19,Lam Research,17,17,6,40,0.150000
2025-08-19,Land O'Lakes,11,27,2,40,0.050000
2025-08-19,Las Vegas Sands,14,25,1,40,0.025000
2025-08-19,Lear Corporation,24,15,1,40,0.025000
2025-08-19,Leidos,25,15,0,40,0.000000
2025-08-19,Lennar,14,24,2,40,0.050000
2025-08-19,Liberty Mutual Insurance,36,0,4,40,0.100000
2025-08-19,Lincoln National,14,16,10,40,0.250000
2025-08-19,Lithia Motors,21,16,3,40,0.075000
2025-08-19,Live Nation Entertainment,35,4,1,40,0.025000
2025-08-19,Lockheed Martin,24,8,8,40,0.200000
2025-08-19,Loews,20,18,2,40,0.050000
2025-08-19,Lowe's,15,17,8,40,0.200000
2025-08-19,Lululemon athletica,16,16,8,40,0.200000
2025-08-19,Lumen Technologies,9,25,6,40,0.150000
2025-08-19,M&T Bank,14,21,5,40,0.125000
2025-08-19,MGM Resorts International,14,26,0,40,0.000000
2025-08-19,Macy's,19,18,3,40,0.075000
2025-08-19,ManpowerGroup,21,16,3,40,0.075000
2025-08-19,Marathon Petroleum,15,23,2,40,0.050000
2025-08-19,Markel,10,22,8,40,0.200000
2025-08-19,Marriott International,16,22,2,40,0.050000
2025-08-19,Marsh & McLennan,21,14,5,40,0.125000
2025-08-19,MasTec,18,18,4,40,0.100000
2025-08-19,Masco,11,27,2,40,0.050000
2025-08-19,Mass Mutual,11,25,4,40,0.100000
2025-08-19,Mastercard,17,21,2,40,0.050000
2025-08-19,McDonald's,22,12,6,40,0.150000
2025-08-19,McKesson,18,19,3,40,0.075000
2025-08-19,Merck,14,20,6,40,0.150000
2025-08-19,MetLife,15,23,2,40,0.050000
2025-08-19,Meta,12,21,7,40,0.175000
2025-08-19,Microchip Technology,18,19,3,40,0.075000
2025-08-19,Micron Technology,12,22,6,40,0.150000
2025-08-19,Microsoft,11,19,10,40,0.250000
2025-08-19,Mohawk Industries,17,18,5,40,0.125000
2025-08-19,Molina Healthcare,15,15,10,40,0.250000
2025-08-19,Molson Coors Beverage,22,11,7,40,0.175000
2025-08-19,Mondelez,17,14,9,40,0.225000
2025-08-19,Monster Beverage,17,23,0,40,0.000000
2025-08-19,Morgan Stanley,18,20,2,40,0.050000
2025-08-19,Mosaic,16,21,3,40,0.075000
2025-08-19,Motorola Solutions,37,2,1,40,0.025000
2025-08-19,Murphy USA,18,21,1,40,0.025000
2025-08-19,Mutual of Omaha Insurance,20,20,0,40,0.000000
2025-08-19,NOV,9,27,4,40,0.100000
2025-08-19,NRG Energy,34,4,2,40,0.050000
2025-08-19,NVR,22,14,4,40,0.100000
2025-08-19,Nationwide Insurance,11,17,12,40,0.300000
2025-08-19,Netflix,12,24,4,40,0.100000
2025-08-19,New York Life Insurance,15,22,3,40,0.075000
2025-08-19,Newell Brands,13,23,4,40,0.100000
2025-08-19,Newmont,21,14,5,40,0.125000
2025-08-19,News Corp.,18,16,6,40,0.150000
2025-08-19,NextEra Energy,30,3,7,40,0.175000
2025-08-19,Nike,11,22,7,40,0.175000
2025-08-19,Nordstrom,14,21,5,40,0.125000
2025-08-19,Norfolk Southern,15,17,8,40,0.200000
2025-08-19,Northern Trust,38,1,1,40,0.025000
2025-08-19,Northrop Grumman,17,19,4,40,0.100000
2025-08-19,Northwestern Mutual,17,14,9,40,0.225000
2025-08-19,Nucor,14,24,2,40,0.050000
2025-08-19,Nvidia,11,22,7,40,0.175000
2025-08-19,O'Reilly Automotive,12,25,3,40,0.075000
2025-08-19,Occidental Petroleum,22,15,3,40,0.075000
2025-08-19,Old Republic International,21,16,3,40,0.075000
2025-08-19,Omnicom,20,16,4,40,0.100000
2025-08-19,Oneok,24,14,2,40,0.050000
2025-08-19,Oracle,11,20,9,40,0.225000
2025-08-19,Oscar Health,12,21,7,40,0.175000
2025-08-19,Oshkosh,7,25,8,40,0.200000
2025-08-19,Otis Worldwide,20,18,2,40,0.050000
2025-08-19,Ovintiv,22,16,2,40,0.050000
2025-08-19,Owens & Minor,8,25,7,40,0.175000
2025-08-19,Owens Corning,22,12,6,40,0.150000
2025-08-19,PBF Energy,33,2,5,40,0.125000
2025-08-19,PG&E,19,14,7,40,0.175000
2025-08-19,PNC,20,13,7,40,0.175000
2025-08-19,PPG Industries,17,17,6,40,0.150000
2025-08-19,PPL,14,25,1,40,0.025000
2025-08-19,PVH,14,15,11,40,0.275000
2025-08-19,Paccar,19,20,1,40,0.025000
2025-08-19,Pacific Life,17,22,1,40,0.025000
2025-08-19,Packaging Corp. of America,6,28,6,40,0.150000
2025-08-19,Palo Alto Networks,13,25,2,40,0.050000
2025-08-19,Par Pacific,18,20,2,40,0.050000
2025-08-19,Paramount Global,12,25,3,40,0.075000
2025-08-19,Parker-Hannifin,20,18,2,40,0.050000
2025-08-19,PayPal,9,13,18,40,0.450000
2025-08-19,Penske Automotive,14,24,2,40,0.050000
2025-08-19,PepsiCo,15,18,7,40,0.175000
2025-08-19,Performance Food,16,20,4,40,0.100000
2025-08-19,Peter Kiewit Sons',6,19,15,40,0.375000
2025-08-19,Pfizer,11,17,12,40,0.300000
2025-08-19,Philip Morris,22,18,0,40,0.000000
2025-08-19,Phillips 66,14,20,6,40,0.150000
2025-08-19,Plains GP,18,17,5,40,0.125000
2025-08-19,Principal Financial,15,24,1,40,0.025000
2025-08-19,Procter & Gamble,15,18,7,40,0.175000
2025-08-19,Progressive Insurance,17,19,4,40,0.100000
2025-08-19,Prologis,17,19,4,40,0.100000
2025-08-19,Prudential Financial,18,19,3,40,0.075000
2025-08-19,Public Service Enterprise,17,20,3,40,0.075000
2025-08-19,Publix Super Markets,21,15,4,40,0.100000
2025-08-19,Pulte,8,19,13,40,0.325000
2025-08-19,QVC,13,22,5,40,0.125000
2025-08-19,QXO Building Products,2,5,3,10,0.300000
2025-08-19,Qualcomm,24,11,5,40,0.125000
2025-08-19,Quanta Services,18,11,11,40,0.275000
2025-08-19,Quest Diagnostics,11,24,5,40,0.125000
2025-08-19,RTX,19,13,8,40,0.200000
2025-08-19,Raymond James Financial,15,19,6,40,0.150000
2025-08-19,Regeneron Pharmaceuticals,18,19,3,40,0.075000
2025-08-19,Regions Financial,20,20,0,40,0.000000
2025-08-19,Reinsurance of America,0,5,1,6,0.166667
2025-08-19,Reliance,17,15,8,40,0.200000
2025-08-19,Republic Services,12,12,16,40,0.400000
2025-08-19,Rockwell Automation,13,22,5,40,0.125000
2025-08-19,Ross Stores,15,21,4,40,0.100000
2025-08-19,Rush Enterprises,18,20,2,40,0.050000
2025-08-19,Ryder System,25,13,2,40,0.050000
2025-08-19,S&P Global,14,20,6,40,0.150000
2025-08-19,Salesforce,10,18,12,40,0.300000
2025-08-19,Sanmina,12,25,3,40,0.075000
2025-08-19,Science Applications International,14,22,4,40,0.100000
2025-08-19,Seaboard,9,24,7,40,0.175000
2025-08-19,Securian Financial,14,21,5,40,0.125000
2025-08-19,Sempra,32,7,1,40,0.025000
2025-08-19,ServiceNow,13,24,3,40,0.075000
2025-08-19,Sherwin-Williams,10,17,13,40,0.325000
2025-08-19,Sirius XM,18,15,7,40,0.175000
2025-08-19,Skechers,19,20,1,40,0.025000
2025-08-19,Solventum,17,21,2,40,0.050000
2025-08-19,Sonic Automotive,5,31,4,40,0.100000
2025-08-19,Southern,9,20,11,40,0.275000
2025-08-19,Southwest Airlines,7,19,14,40,0.350000
2025-08-19,SpartanNash,16,20,4,40,0.100000
2025-08-19,Sprouts Farmers Market,20,19,1,40,0.025000
2025-08-19,Stanley Black & Decker,9,26,5,40,0.125000
2025-08-19,Starbucks,8,25,7,40,0.175000
2025-08-19,State Farm,10,13,17,40,0.425000
2025-08-19,State Street,13,18,9,40,0.225000
2025-08-19,Steel Dynamics,36,1,3,40,0.075000
2025-08-19,StoneX,19,19,2,40,0.050000
2025-08-19,Stryker,14,18,8,40,0.200000
2025-08-19,Synchrony Financial,23,14,3,40,0.075000
2025-08-19,Sysco,17,15,8,40,0.200000
2025-08-19,TD Synnex,21,19,0,40,0.000000
2025-08-19,THOR Industries,16,19,5,40,0.125000
2025-08-19,TIAA,12,24,4,40,0.100000
2025-08-19,TJX,20,17,3,40,0.075000
2025-08-19,Targa Resources,17,16,7,40,0.175000
2025-08-19,Target,7,25,8,40,0.200000
2025-08-19,Taylor Morrison Home,16,23,1,40,0.025000
2025-08-19,Tenet Healthcare,15,19,6,40,0.150000
2025-08-19,Tesla,17,15,8,40,0.200000
2025-08-19,Texas Instruments,11,19,10,40,0.250000
2025-08-19,Textron,19,18,3,40,0.075000
2025-08-19,The Andersons,12,25,3,40,0.075000
2025-08-19,Thermo Fisher Scientific,22,16,2,40,0.050000
2025-08-19,Thrivent Financial for Lutherans,19,18,3,40,0.075000
2025-08-19,Toll Brothers,7,33,0,40,0.000000
2025-08-19,Tractor Supply,21,15,4,40,0.100000
2025-08-19,TransDigm,22,14,4,40,0.100000
2025-08-19,Travelers Insurance,9,19,12,40,0.300000
2025-08-19,Truist Financial,15,21,4,40,0.100000
2025-08-19,Tyson Foods,12,25,3,40,0.075000
2025-08-19,U.S. Bancorp,14,17,9,40,0.225000
2025-08-19,UPS,9,19,12,40,0.300000
2025-08-19,US Foods,22,16,2,40,0.050000
2025-08-19,USAA,18,13,9,40,0.225000
2025-08-19,Uber,7,12,21,40,0.525000
2025-08-19,Ulta Beauty,32,5,3,40,0.075000
2025-08-19,Union Pacific,15,16,9,40,0.225000
2025-08-19,United Airlines,25,5,10,40,0.250000
2025-08-19,United Natural Foods,38,1,1,40,0.025000
2025-08-19,United Rentals,35,5,0,40,0.000000
2025-08-19,United States Steel,24,10,6,40,0.150000
2025-08-19,UnitedHealth,13,21,6,40,0.150000
2025-08-19,Universal Health Services,17,19,4,40,0.100000
2025-08-19,Unum,18,17,5,40,0.125000
2025-08-19,VF Corporation,15,21,4,40,0.100000
2025-08-19,Valero Energy,36,2,2,40,0.050000
2025-08-19,Verizon,15,20,5,40,0.125000
2025-08-19,Vertex Pharmaceuticals,17,16,7,40,0.175000
2025-08-19,Vertiv,28,11,1,40,0.025000
2025-08-19,Viatris,14,17,9,40,0.225000
2025-08-19,Vistra,21,13,6,40,0.150000
2025-08-19,Voya Financial,13,23,4,40,0.100000
2025-08-19,Vulcan Materials,14,16,10,40,0.250000
2025-08-19,W.R. Berkley,16,16,8,40,0.200000
2025-08-19,W.W. Grainger,10,24,6,40,0.150000
2025-08-19,WEC Energy,39,1,0,40,0.000000
2025-08-19,WESCO International,21,17,2,40,0.050000
2025-08-19,Walgreens,8,21,11,40,0.275000
2025-08-19,Walmart,9,22,9,40,0.225000
2025-08-19,Walt Disney,12,25,3,40,0.075000
2025-08-19,Warner Bros. Discovery,12,27,1,40,0.025000
2025-08-19,Watsco,13,20,7,40,0.175000
2025-08-19,Wayfair,19,18,3,40,0.075000
2025-08-19,Wells Fargo,35,2,3,40,0.075000
2025-08-19,Welltower,23,17,0,40,0.000000
2025-08-19,Western & Southern Financial,14,23,3,40,0.075000
2025-08-19,Western Digital,12,22,6,40,0.150000
2025-08-19,Westinghouse Air Brake Technologies,18,19,3,40,0.075000
2025-08-19,Whirlpool,13,24,3,40,0.075000
2025-08-19,Williams,15,19,6,40,0.150000
2025-08-19,Williams-Sonoma,14,21,5,40,0.125000
2025-08-19,Workday,8,14,18,40,0.450000
2025-08-19,World Kinect,14,21,5,40,0.125000
2025-08-19,XPO,13,22,5,40,0.125000
2025-08-19,Xcel Energy,32,2,6,40,0.150000
2025-08-19,Xylem,20,17,3,40,0.075000
2025-08-19,Yum Brands,25,10,5,40,0.125000
2025-08-19,Yum China,18,15,7,40,0.175000
2025-08-19,Zimmer Biomet,19,18,3,40,0.075000
2025-08-19,Zoetis,24,14,2,40,0.050000
